{
 "cells": [
  {
   "cell_type": "code",
   "execution_count": 31,
   "metadata": {},
   "outputs": [],
   "source": [
    "import matplotlib.pyplot as plt\n",
    "import numpy as np\n",
    "import os\n",
    "import pandas as pd\n",
    "import plotly.express as px\n",
    "import seaborn as sb\n",
    "from sklearn.preprocessing import LabelEncoder\n",
    "from sklearn.metrics import f1_score, confusion_matrix,\\\n",
    "classification_report,accuracy_score\n",
    "from sklearn.ensemble import RandomForestClassifier\n",
    "from sklearn.model_selection import  KFold\n",
    "\n"
   ]
  },
  {
   "cell_type": "code",
   "execution_count": 23,
   "metadata": {},
   "outputs": [],
   "source": [
    "path = 'data'\n",
    "labels_file = 'labels.csv'\n",
    "distances_file = 'xyz_distances.csv'\n",
    "angles_file = 'angles.csv'\n",
    "\n",
    "labels_path = os.path.join(path, labels_file)\n",
    "distances_path = os.path.join(path, distances_file)\n",
    "angles_path = os.path.join(path, angles_file)\n",
    "\n",
    "\n",
    "\n",
    "labels = pd.read_csv(labels_path)\n",
    "distances = pd.read_csv(distances_path)\n",
    "angles = pd.read_csv(angles_path)\n",
    "\n",
    "features = pd.merge(distances, angles, on=\"pose_id\")\n",
    "all_data = pd.merge(labels, features, on=\"pose_id\")\n",
    "\n",
    "\n"
   ]
  },
  {
   "cell_type": "code",
   "execution_count": null,
   "metadata": {},
   "outputs": [],
   "source": [
    " "
   ]
  },
  {
   "cell_type": "code",
   "execution_count": 24,
   "metadata": {},
   "outputs": [
    {
     "name": "stderr",
     "output_type": "stream",
     "text": [
      "/var/folders/vg/t3b5blds61gg_g1ctjjh7lg80000gn/T/ipykernel_3335/2041805851.py:9: SettingWithCopyWarning:\n",
      "\n",
      "\n",
      "A value is trying to be set on a copy of a slice from a DataFrame.\n",
      "Try using .loc[row_indexer,col_indexer] = value instead\n",
      "\n",
      "See the caveats in the documentation: https://pandas.pydata.org/pandas-docs/stable/user_guide/indexing.html#returning-a-view-versus-a-copy\n",
      "\n"
     ]
    }
   ],
   "source": [
    "labels = all_data.iloc[:, [1]]\n",
    "features = all_data.iloc[:, 2:]\n",
    "\n",
    "data = [labels, features]\n",
    "data = pd.concat(data, axis=1)\n",
    "\n",
    "class_names = np.unique(labels[labels.columns].values)\n",
    "class_counts = labels[labels.columns].value_counts()\n",
    "labels[labels.columns] =  labels[labels.columns].apply(LabelEncoder().fit_transform)\n",
    "\n",
    "data[labels.columns] =  data[labels.columns].apply(LabelEncoder().fit_transform)\n",
    "\n"
   ]
  },
  {
   "cell_type": "code",
   "execution_count": 25,
   "metadata": {},
   "outputs": [],
   "source": [
    "correlation = features.corr()"
   ]
  },
  {
   "cell_type": "code",
   "execution_count": 26,
   "metadata": {},
   "outputs": [
    {
     "data": {
      "application/vnd.plotly.v1+json": {
       "config": {
        "plotlyServerURL": "https://plot.ly"
       },
       "data": [
        {
         "coloraxis": "coloraxis",
         "hovertemplate": "x: %{x}<br>y: %{y}<br>color: %{z}<extra></extra>",
         "name": "0",
         "texttemplate": "%{z}",
         "type": "heatmap",
         "x": [
          "x_left_shoulder_left_wrist",
          "y_left_shoulder_left_wrist",
          "z_left_shoulder_left_wrist",
          "x_right_shoulder_right_wrist",
          "y_right_shoulder_right_wrist",
          "z_right_shoulder_right_wrist",
          "x_left_hip_left_ankle",
          "y_left_hip_left_ankle",
          "z_left_hip_left_ankle",
          "x_right_hip_right_ankle",
          "y_right_hip_right_ankle",
          "z_right_hip_right_ankle",
          "x_left_hip_left_wrist",
          "y_left_hip_left_wrist",
          "z_left_hip_left_wrist",
          "x_right_hip_right_wrist",
          "y_right_hip_right_wrist",
          "z_right_hip_right_wrist",
          "x_left_shoulder_left_ankle",
          "y_left_shoulder_left_ankle",
          "z_left_shoulder_left_ankle",
          "x_right_shoulder_right_ankle",
          "y_right_shoulder_right_ankle",
          "z_right_shoulder_right_ankle",
          "x_left_hip_right_wrist",
          "y_left_hip_right_wrist",
          "z_left_hip_right_wrist",
          "x_right_hip_left_wrist",
          "y_right_hip_left_wrist",
          "z_right_hip_left_wrist",
          "x_left_elbow_right_elbow",
          "y_left_elbow_right_elbow",
          "z_left_elbow_right_elbow",
          "x_left_knee_right_knee",
          "y_left_knee_right_knee",
          "z_left_knee_right_knee",
          "x_left_wrist_right_wrist",
          "y_left_wrist_right_wrist",
          "z_left_wrist_right_wrist",
          "x_left_ankle_right_ankle",
          "y_left_ankle_right_ankle",
          "z_left_ankle_right_ankle",
          "x_left_hip_avg_left_wrist_left_ankle",
          "y_left_hip_avg_left_wrist_left_ankle",
          "z_left_hip_avg_left_wrist_left_ankle",
          "x_right_hip_avg_right_wrist_right_ankle",
          "y_right_hip_avg_right_wrist_right_ankle",
          "z_right_hip_avg_right_wrist_right_ankle",
          "right_elbow_right_shoulder_right_hip",
          "left_elbow_left_shoulder_left_hip",
          "right_knee_mid_hip_left_knee",
          "right_hip_right_knee_right_ankle",
          "left_hip_left_knee_left_ankle",
          "right_wrist_right_elbow_right_shoulder",
          "left_wrist_left_elbow_left_shoulder"
         ],
         "xaxis": "x",
         "y": [
          "x_left_shoulder_left_wrist",
          "y_left_shoulder_left_wrist",
          "z_left_shoulder_left_wrist",
          "x_right_shoulder_right_wrist",
          "y_right_shoulder_right_wrist",
          "z_right_shoulder_right_wrist",
          "x_left_hip_left_ankle",
          "y_left_hip_left_ankle",
          "z_left_hip_left_ankle",
          "x_right_hip_right_ankle",
          "y_right_hip_right_ankle",
          "z_right_hip_right_ankle",
          "x_left_hip_left_wrist",
          "y_left_hip_left_wrist",
          "z_left_hip_left_wrist",
          "x_right_hip_right_wrist",
          "y_right_hip_right_wrist",
          "z_right_hip_right_wrist",
          "x_left_shoulder_left_ankle",
          "y_left_shoulder_left_ankle",
          "z_left_shoulder_left_ankle",
          "x_right_shoulder_right_ankle",
          "y_right_shoulder_right_ankle",
          "z_right_shoulder_right_ankle",
          "x_left_hip_right_wrist",
          "y_left_hip_right_wrist",
          "z_left_hip_right_wrist",
          "x_right_hip_left_wrist",
          "y_right_hip_left_wrist",
          "z_right_hip_left_wrist",
          "x_left_elbow_right_elbow",
          "y_left_elbow_right_elbow",
          "z_left_elbow_right_elbow",
          "x_left_knee_right_knee",
          "y_left_knee_right_knee",
          "z_left_knee_right_knee",
          "x_left_wrist_right_wrist",
          "y_left_wrist_right_wrist",
          "z_left_wrist_right_wrist",
          "x_left_ankle_right_ankle",
          "y_left_ankle_right_ankle",
          "z_left_ankle_right_ankle",
          "x_left_hip_avg_left_wrist_left_ankle",
          "y_left_hip_avg_left_wrist_left_ankle",
          "z_left_hip_avg_left_wrist_left_ankle",
          "x_right_hip_avg_right_wrist_right_ankle",
          "y_right_hip_avg_right_wrist_right_ankle",
          "z_right_hip_avg_right_wrist_right_ankle",
          "right_elbow_right_shoulder_right_hip",
          "left_elbow_left_shoulder_left_hip",
          "right_knee_mid_hip_left_knee",
          "right_hip_right_knee_right_ankle",
          "left_hip_left_knee_left_ankle",
          "right_wrist_right_elbow_right_shoulder",
          "left_wrist_left_elbow_left_shoulder"
         ],
         "yaxis": "y",
         "z": [
          [
           1,
           0.12784477659598242,
           -0.08746930905414417,
           0.3674078216015579,
           0.0997621823911839,
           0.08520236674429246,
           0.32425774825242354,
           -0.020156607711104998,
           0.26460655907937547,
           0.2689746639769007,
           0.006458868360711022,
           0.24661152446463355,
           0.5628214788593536,
           0.1717410302446388,
           -0.22671351373032458,
           0.08614205324955415,
           0.13639184218137027,
           -0.1634296870345207,
           0.21266049561029962,
           -0.08342850131888607,
           0.2522243069918108,
           0.23208450686191984,
           -0.05453374173098949,
           0.27498059969616107,
           -0.01244513646514475,
           0.14688716859252357,
           -0.21218973444077194,
           0.5790464073944276,
           0.1571347333622845,
           -0.10381900964985645,
           -0.4089081013671285,
           0.02879233678829218,
           -0.13842054091198067,
           -0.27318091926510457,
           0.08133520356376954,
           -0.21657884321315093,
           -0.5106735377875,
           -0.06435985018967148,
           -0.034294126923492985,
           -0.24669510920766255,
           0.1100491554911371,
           -0.14123049519995443,
           -0.843562530630064,
           -0.15243680112774746,
           -0.07981546192110077,
           -0.3653090282626145,
           -0.13599853281770372,
           -0.1061755557041147,
           0.0018630130503331124,
           -0.038209649529691185,
           -0.1496188190570341,
           0.013058023034552653,
           0.09108817536174225,
           0.07444023464430624,
           0.03759355200005729
          ],
          [
           0.12784477659598242,
           1,
           0.09363629263810685,
           -0.08968551501411406,
           0.9458728956321821,
           0.08686543778144083,
           0.006273638903599055,
           0.04168235737701167,
           0.35636128005326784,
           0.04105871599983942,
           0.04356668195054034,
           0.3570306979344259,
           0.08066866379815416,
           0.8891203130385827,
           -0.2659793531802092,
           -0.13710690071767426,
           0.836948036251247,
           -0.25493609159945463,
           0.0010530760969094768,
           -0.06223141918752687,
           0.3974571990128862,
           0.07108965936762272,
           -0.06175579711827672,
           0.3937511429073801,
           -0.18651981847740506,
           0.8240956608185214,
           -0.21403019433538242,
           0.13670064368033605,
           0.8789680678653284,
           -0.21061749511986946,
           -0.2187070841074898,
           -0.08561284684168351,
           -0.0019412293567634786,
           -0.10856619719483672,
           -0.04672071219275434,
           -0.002659110954127697,
           -0.26070865406472044,
           -0.1501363216566956,
           -0.0034532429331506497,
           -0.0543696918192377,
           -0.0006095582886639076,
           -0.00413305261810718,
           -0.07926392902405768,
           -0.8773757929719401,
           -0.13959930220466799,
           0.08304669747102121,
           -0.8369113604753603,
           -0.1388181269837263,
           -0.5662268764975816,
           -0.5693773686546159,
           -0.09611286934365285,
           0.19492238679707208,
           0.19686893437139136,
           0.0222251002537378,
           0.008006859308382547
          ],
          [
           -0.08746930905414417,
           0.09363629263810685,
           1,
           -0.08896572178771468,
           0.12772675872404599,
           0.5306651068434287,
           -0.16017181889254753,
           -0.26047887127411895,
           0.3258324636323759,
           -0.09379558705870301,
           -0.2748515503916089,
           0.3191972703816466,
           0.03402607917613259,
           0.2246216247987203,
           0.5846657139898913,
           0.062639123808169,
           0.2526167651689572,
           0.21613075741871415,
           -0.14344357820739892,
           -0.31935813827492104,
           0.27378311962854757,
           -0.1184984424136897,
           -0.33026106429864927,
           0.2914777931963791,
           0.11992567482774155,
           0.26618041569623935,
           0.10643786431379094,
           -0.035353591926508256,
           0.20463540122918492,
           0.547035356481478,
           0.13332681221707732,
           0.10126467666317908,
           -0.27077776212891463,
           0.27522430500022976,
           0.06474011869877719,
           -0.1117084313105759,
           0.09161952407593756,
           0.12885192759369213,
           -0.3759503531200032,
           0.22817363520846207,
           0.03722937451149548,
           -0.11267744740907154,
           0.1352212287029784,
           -0.057983226059740635,
           -0.8031357494643884,
           0.04177035241412356,
           -0.07855121358372008,
           -0.4849654658179561,
           -0.11618133446530568,
           -0.14106292918897714,
           0.02377002793144998,
           0.23003747464990595,
           0.23958834707321539,
           -0.11765218614850981,
           -0.15685165382927255
          ],
          [
           0.3674078216015579,
           -0.08968551501411406,
           -0.08896572178771468,
           1,
           -0.11690559895704654,
           0.12435042065410733,
           0.2513946066676931,
           0.053209519873417314,
           -0.17420505804412423,
           0.2621899074397867,
           0.07753344836744804,
           -0.18705132638452945,
           0.10037823024346111,
           -0.10949891485463063,
           0.1121375541977448,
           0.5693879975495563,
           -0.14065851653545805,
           0.20584281071951868,
           0.2155695821420695,
           0.07241037183278844,
           -0.2010138243292255,
           0.16345820444806242,
           0.09860829076308766,
           -0.17912046905104134,
           0.5870680197074248,
           -0.12973364110741975,
           0.10620014394590221,
           -0.00022342763852796913,
           -0.11707797458895723,
           0.1549962939168812,
           0.41957554384072104,
           0.016811418046538178,
           -0.09535103260047374,
           0.21455292786738828,
           0.07933536541589542,
           -0.1738227525385942,
           0.5070721229700542,
           -0.0627427094053689,
           0.01827579934172582,
           0.17528171099223722,
           0.08986613045601556,
           -0.113242841689528,
           -0.35095064218588623,
           0.07281735540615361,
           0.08283549885094807,
           -0.8045367913095132,
           0.08936977987062167,
           0.013990104720838207,
           0.08604828056407265,
           0.04055243163771591,
           0.06798158529197841,
           -0.08861331703234586,
           -0.022296383675302865,
           -0.007944134291356743,
           -0.06584854743856783
          ],
          [
           0.0997621823911839,
           0.9458728956321821,
           0.12772675872404599,
           -0.11690559895704654,
           1,
           0.04984249921251902,
           -0.11039923773821621,
           0.04178741905655254,
           0.356334096039134,
           -0.07216070530957149,
           0.029358456344251917,
           0.35625518231836817,
           0.17012388619153093,
           0.8507410967006898,
           -0.22724911114080293,
           -0.04704182593502393,
           0.8919085719725615,
           -0.2797506818777417,
           -0.1266571049874606,
           -0.06727109472802739,
           0.39003868750499565,
           -0.055086812138245046,
           -0.08317491188489905,
           0.3921355231457133,
           -0.10661790461868256,
           0.8798294076505386,
           -0.24998183397684803,
           0.2138218681117092,
           0.839524558619068,
           -0.16316170193213597,
           -0.21585078895452972,
           0.052237580284382,
           -0.05205640500675112,
           -0.10126825187149174,
           -0.045959989463831986,
           -0.02722372531968732,
           -0.25876410616899675,
           0.11896146865247627,
           -0.07366409929279935,
           -0.048174890313110105,
           -0.028251241662431384,
           -0.028558618315471285,
           -0.03909964184896878,
           -0.840653599059475,
           -0.1711742282290113,
           0.12011396816622778,
           -0.8815536920015927,
           -0.11790109468487753,
           -0.5767915118230786,
           -0.580905796761196,
           -0.08378353082750585,
           0.18762063969068613,
           0.191378479322914,
           0.046058447860728054,
           -0.009815947387810385
          ],
          [
           0.08520236674429246,
           0.08686543778144083,
           0.5306651068434287,
           0.12435042065410733,
           0.04984249921251902,
           1,
           0.16035659709375044,
           -0.23489469599603907,
           0.3066668252183983,
           0.2185075236968904,
           -0.24505626457484317,
           0.33749453932871626,
           -0.10789953978679531,
           0.21671264937259502,
           0.23066380404233378,
           -0.046878882027542146,
           0.17788919165181888,
           0.6017370357351374,
           0.18215313628638266,
           -0.30042020771148586,
           0.2710469876181154,
           0.19763717098170713,
           -0.2979281197969689,
           0.2797036368198487,
           0.03653445370820515,
           0.17423640958655767,
           0.5280566843474079,
           -0.1718288131821113,
           0.2151271929177476,
           0.1512552270972591,
           0.1802755601791753,
           -0.034814336036661425,
           0.1967048182445179,
           0.2975365846840918,
           -0.024400369965890536,
           0.06665772504534578,
           0.13256429713817758,
           -0.11317992974256372,
           0.36378826275673953,
           0.23985341978902563,
           -0.02301874223536159,
           0.09975735195420965,
           -0.06877670192650234,
           -0.06585376350808632,
           -0.4951062713552074,
           -0.18881016801590322,
           -0.0241846524027245,
           -0.8160586555979573,
           -0.10081970632359886,
           -0.07702012392753564,
           0.04864566025692668,
           0.2360483853544338,
           0.24506146895295974,
           -0.13475897901831874,
           -0.13225663482872607
          ],
          [
           0.32425774825242354,
           0.006273638903599055,
           -0.16017181889254753,
           0.2513946066676931,
           -0.11039923773821621,
           0.16035659709375044,
           1,
           0.011192346195769858,
           0.04604316263656986,
           0.9113960760198,
           0.03134080491986715,
           0.07561365794075674,
           -0.4744596193787442,
           0.0012684678835523733,
           -0.17179868814060933,
           -0.5243097760444946,
           -0.09836473765522843,
           0.06665662221238496,
           0.965327036593485,
           0.011009405390448989,
           0.05867117411341515,
           0.9182354334906668,
           0.031147968496447975,
           0.0742114073853866,
           -0.47130804751427463,
           -0.0733716278835949,
           0.04733559220282391,
           -0.40239949149893406,
           -0.022399849217585022,
           -0.13203997690649902,
           -0.0505356340195906,
           0.04599756598414109,
           0.05710819743320373,
           -0.11809094678571938,
           0.14472764432367938,
           -0.0482483587956377,
           -0.05854628285597006,
           -0.21462913645097287,
           0.19329317420303285,
           -0.16327375608307873,
           0.13683583291511606,
           0.032629715973047,
           -0.6078724365571677,
           -0.007975224098983743,
           0.0941025505678938,
           -0.4837948667370101,
           0.07632504825469974,
           -0.12744392774002516,
           0.055867191030673856,
           0.10197735449968094,
           0.006162313922810156,
           -0.020047031807501857,
           0.006899068012719336,
           -0.027333050597155222,
           0.04004817108053709
          ],
          [
           -0.020156607711104998,
           0.04168235737701167,
           -0.26047887127411895,
           0.053209519873417314,
           0.04178741905655254,
           -0.23489469599603907,
           0.011192346195769858,
           1,
           -0.18346950469824055,
           -0.002948879136941709,
           0.9395819470128641,
           -0.16927576142726047,
           -0.018821329567504385,
           -0.2448061662741093,
           -0.021990110799580017,
           0.03722846842244675,
           -0.2391876414007351,
           -0.004081000847335348,
           0.010524707104859038,
           0.9247707841358666,
           -0.2009870261541605,
           -0.005406278854730364,
           0.8780831412674271,
           -0.19516198058533962,
           0.011508049942443104,
           -0.24138639042151794,
           0.018422704416238403,
           0.004735173812084224,
           -0.2361397462784756,
           -0.04015619234535316,
           0.03274694165488972,
           -0.007922663904904882,
           0.04872216228023307,
           -0.03074282319814217,
           -0.1250092337717784,
           0.046934331135515595,
           0.02833613169326547,
           -0.00032086397363806303,
           0.03776765533108,
           -0.06163032333171141,
           -0.18468181578938853,
           0.05183763678731329,
           0.005383791724921799,
           -0.3692913230649121,
           0.20154896342853734,
           -0.031260061899553576,
           -0.3361867060662733,
           0.16735806775117787,
           -0.02946252154217434,
           -0.017326536780039543,
           -0.21487395954932662,
           0.08229613952978748,
           0.07789009654251097,
           0.09885164215820015,
           0.13069294807770046
          ],
          [
           0.26460655907937547,
           0.35636128005326784,
           0.3258324636323759,
           -0.17420505804412423,
           0.356334096039134,
           0.3066668252183983,
           0.04604316263656986,
           -0.18346950469824055,
           1,
           0.05708983651175335,
           -0.15698107803115244,
           0.927672245207625,
           0.20363277552759232,
           0.43725635977833155,
           -0.40858568402626433,
           -0.155331470205884,
           0.43560822003846067,
           -0.4320937411120637,
           0.002868015280959669,
           -0.2719919587207545,
           0.9642636948789103,
           0.06477195050067172,
           -0.25695768854790985,
           0.9323675064895077,
           -0.18193099568698998,
           0.4441156878247504,
           -0.4065606632013334,
           0.22338747072312318,
           0.41707024647185587,
           -0.27781590475710105,
           -0.289947132539559,
           0.07313021888864665,
           -0.11832169866581321,
           -0.043123065842022745,
           0.05514833185739281,
           -0.16157642536227823,
           -0.3648618765426796,
           0.03787057030444014,
           -0.08724918325878592,
           -0.0597391172139941,
           0.12179826842666344,
           -0.17661425502860154,
           -0.23137618359943699,
           -0.3082974612552392,
           -0.6673566271424313,
           0.08285334335944942,
           -0.327013278894627,
           -0.5478485302231848,
           -0.1019181041804179,
           -0.11323713314021168,
           -0.20653979132472552,
           0.3034895972972147,
           0.3266943922970057,
           0.09029770567639005,
           0.04213248400885356
          ],
          [
           0.2689746639769007,
           0.04105871599983942,
           -0.09379558705870301,
           0.2621899074397867,
           -0.07216070530957149,
           0.2185075236968904,
           0.9113960760198,
           -0.002948879136941709,
           0.05708983651175335,
           1,
           0.02246502954413899,
           0.06549406361763849,
           -0.5039123785660661,
           0.027961368580014058,
           -0.10398399061238095,
           -0.5002760849286313,
           -0.06714768544807563,
           0.12610135863828897,
           0.9094987971495697,
           0.0031547649909871027,
           0.05517382392355451,
           0.9631935550623366,
           0.024540567935365985,
           0.0587584520399832,
           -0.41653877854864174,
           -0.04104804241668796,
           0.08867046388946478,
           -0.46180910452535356,
           0.002407337441219727,
           -0.06944127807245436,
           0.05204657097080177,
           0.06575950941378883,
           0.03995973548667445,
           0.15046065748184687,
           0.14695502363628732,
           -0.078751692017082,
           0.02310943238694223,
           -0.19732654073545955,
           0.18022971708605506,
           0.2062154929986284,
           0.1553649758611473,
           -0.00915157374105937,
           -0.4895250023821265,
           -0.025019439840457687,
           0.02771392514533053,
           -0.6001207685831098,
           0.05145552733245125,
           -0.1659448106750677,
           -0.028831918695783425,
           0.014780901891194945,
           0.02036578604224351,
           -0.021067203856306286,
           0.016021226458490523,
           -0.07743147209360901,
           -0.015217519677916812
          ],
          [
           0.006458868360711022,
           0.04356668195054034,
           -0.2748515503916089,
           0.07753344836744804,
           0.029358456344251917,
           -0.24505626457484317,
           0.03134080491986715,
           0.9395819470128641,
           -0.15698107803115244,
           0.02246502954413899,
           1,
           -0.17435053575535708,
           -0.006325997931863745,
           -0.24885088397803184,
           -0.033269358677225205,
           0.046848498852075246,
           -0.25903111642266047,
           -0.022764392503256875,
           0.024544887740913405,
           0.8916682131771239,
           -0.18370461238377747,
           0.012542350754446055,
           0.9268633422673818,
           -0.192390026450149,
           0.01799244492202546,
           -0.25778893061789365,
           -0.018254418945342018,
           0.017589330515524637,
           -0.2433008990668207,
           -0.02741383567916394,
           0.028738593887971533,
           -0.012422939717428444,
           0.006945597602780644,
           -0.04015728855373627,
           0.03498818193935299,
           -0.015444365999459595,
           0.023860914518038723,
           -0.036032568154989314,
           0.008541433005366453,
           -0.05551517718755923,
           0.11172464176028847,
           -0.025923260653110215,
           -0.026758091732969714,
           -0.32892611225815727,
           0.18424418258554587,
           -0.06714420654122201,
           -0.3534821946955043,
           0.1874589245444783,
           -0.016738859650676983,
           -0.01338016832508393,
           -0.2211984376685726,
           0.07684808407837553,
           0.06527627651161416,
           0.09061447258280508,
           0.10765103574320577
          ],
          [
           0.24661152446463355,
           0.3570306979344259,
           0.3191972703816466,
           -0.18705132638452945,
           0.35625518231836817,
           0.33749453932871626,
           0.07561365794075674,
           -0.16927576142726047,
           0.927672245207625,
           0.06549406361763849,
           -0.17435053575535708,
           1,
           0.15900680934926523,
           0.45144545175293493,
           -0.4204954907925334,
           -0.19935650451265505,
           0.4454802233255867,
           -0.38063176464533,
           0.03903215219852681,
           -0.27678623162008686,
           0.9221739712654241,
           0.08955224123025199,
           -0.2782022374280515,
           0.9626554388814288,
           -0.22084988119486612,
           0.44111941734188254,
           -0.29724540425976265,
           0.18476690885279767,
           0.443832610684877,
           -0.35630285769615694,
           -0.2960606039778815,
           0.0025169292100950054,
           0.029264977126179068,
           -0.05774212923439339,
           -0.021293921056073938,
           0.09047284364400174,
           -0.36487650296429075,
           -0.010969708843881366,
           0.03786603402208743,
           -0.09714976617264404,
           -0.0009099816444000223,
           0.13415074949019248,
           -0.22175286322356833,
           -0.3304694620324021,
           -0.5852571876632721,
           0.11459709609243351,
           -0.32607700069626805,
           -0.6597602767285483,
           -0.12121621060946997,
           -0.10808359560333379,
           -0.17237241293863118,
           0.3331473672114137,
           0.3265746199588197,
           0.09685340356020349,
           0.04158802540378956
          ],
          [
           0.5628214788593536,
           0.08066866379815416,
           0.03402607917613259,
           0.10037823024346111,
           0.17012388619153093,
           -0.10789953978679531,
           -0.4744596193787442,
           -0.018821329567504385,
           0.20363277552759232,
           -0.5039123785660661,
           -0.006325997931863745,
           0.15900680934926523,
           1,
           0.12131539106934137,
           -0.08044501237470479,
           0.6189196859394066,
           0.18968454870579737,
           -0.26448809477798874,
           -0.6452937370399682,
           -0.06974061119965662,
           0.18299590495694415,
           -0.6102755012158653,
           -0.06018503692310545,
           0.19879660486493927,
           0.45276422305438535,
           0.18664384820290947,
           -0.32959996118248697,
           0.9624563914898824,
           0.12015574242404126,
           0.050421079046576674,
           -0.3770081615517663,
           0.05234080964505536,
           -0.2738970630630883,
           -0.25835443756103804,
           -0.0023579030288240423,
           -0.2508728977029757,
           -0.4253275863385366,
           0.19293271840274817,
           -0.2801035719216437,
           -0.2149222108031461,
           0.028264524261168596,
           -0.23224726635650356,
           -0.4105597698156894,
           -0.10491134054392935,
           -0.13814480062356246,
           -0.036473580442623506,
           -0.17988579149963843,
           0.060845157269506546,
           -0.01424455606784542,
           -0.09981723935537899,
           -0.12547117218386591,
           0.0038430782975515383,
           0.05646982056410251,
           0.07030990124850961,
           0.011767649434901939
          ],
          [
           0.1717410302446388,
           0.8891203130385827,
           0.2246216247987203,
           -0.10949891485463063,
           0.8507410967006898,
           0.21671264937259502,
           0.0012684678835523733,
           -0.2448061662741093,
           0.43725635977833155,
           0.027961368580014058,
           -0.24885088397803184,
           0.45144545175293493,
           0.12131539106934137,
           1,
           -0.21013616444255556,
           -0.14084120644603848,
           0.9553575111163557,
           -0.19616480804513098,
           -0.009850041506729613,
           -0.44940968863171515,
           0.4682157532277735,
           0.05895248664526996,
           -0.4465422045453161,
           0.47225171988585823,
           -0.1762950737573818,
           0.9387810102662605,
           -0.1604405415285072,
           0.1586514163479884,
           0.9905090873253536,
           -0.17086075418565508,
           -0.24200295373771827,
           -0.09722747473587823,
           0.007301322088287967,
           -0.08410726879929582,
           -0.046758073152778884,
           0.01797084759747822,
           -0.2862984661204398,
           -0.1345900250108409,
           0.0063887960961763815,
           -0.045116231095569365,
           -0.01603744075634436,
           0.024328542019752725,
           -0.1107438137473894,
           -0.8106317690768142,
           -0.2661200991053598,
           0.10040971102097361,
           -0.7748671350430605,
           -0.2780738127716547,
           -0.4971944398671313,
           -0.5020045548905887,
           -0.0669177293509264,
           0.24825417228799193,
           0.2514018073730704,
           0.0036303239552810257,
           -0.03975330543511704
          ],
          [
           -0.22671351373032458,
           -0.2659793531802092,
           0.5846657139898913,
           0.1121375541977448,
           -0.22724911114080293,
           0.23066380404233378,
           -0.17179868814060933,
           -0.021990110799580017,
           -0.40858568402626433,
           -0.10398399061238095,
           -0.033269358677225205,
           -0.4204954907925334,
           -0.08044501237470479,
           -0.21013616444255556,
           1,
           0.24508369121676443,
           -0.17841195825407807,
           0.6711192304698756,
           -0.13336073784348185,
           -0.017271129439756637,
           -0.5588912349667764,
           -0.16067232944190066,
           -0.022896537324711846,
           -0.5317896525548397,
           0.3268604138505682,
           -0.16253425277805003,
           0.45873459260497346,
           -0.18218493211149775,
           -0.2208735679072997,
           0.9051488527661421,
           0.39347822798434823,
           0.07867043696857848,
           -0.28835030255629773,
           0.3602386115783738,
           0.08313586238830659,
           -0.166967310464551,
           0.4029619182068612,
           0.12819537451584626,
           -0.3515065867811877,
           0.31245971331482103,
           0.024958537922900256,
           -0.15631937397543677,
           0.2505210256213376,
           0.2146914799344528,
           -0.40706515086510486,
           -0.1159536406948073,
           0.19289789554035291,
           -0.1378893215104544,
           -0.003894808685302292,
           -0.036046256611200894,
           0.17251169297833407,
           0.05439093257468287,
           0.06749145783758718,
           -0.18247207481433803,
           -0.18771857676361467
          ],
          [
           0.08614205324955415,
           -0.13710690071767426,
           0.062639123808169,
           0.5693879975495563,
           -0.04704182593502393,
           -0.046878882027542146,
           -0.5243097760444946,
           0.03722846842244675,
           -0.155331470205884,
           -0.5002760849286313,
           0.046848498852075246,
           -0.19935650451265505,
           0.6189196859394066,
           -0.14084120644603848,
           0.24508369121676443,
           1,
           -0.06891004371985283,
           0.08323233599454762,
           -0.6226590185844025,
           0.05536052403166153,
           -0.20169976035405185,
           -0.6680200906087893,
           0.06225581345376117,
           -0.18794369324585802,
           0.962061152464194,
           -0.0683908243705029,
           -0.03641027830599605,
           0.45478688237954845,
           -0.1386108679484814,
           0.3061522042672317,
           0.38344486664767996,
           0.05590463535198467,
           -0.24620981583372079,
           0.22079419200317707,
           0.011607481838937159,
           -0.2324084176023723,
           0.4288469552224532,
           0.20254020718803295,
           -0.24296233975536005,
           0.18410780336616103,
           0.020001343692526614,
           -0.22156626460141646,
           -0.01517748107646268,
           0.11250974048354363,
           -0.04453017863849457,
           -0.3923882499335349,
           0.03842613693702625,
           0.12555380173405487,
           0.0772172430525938,
           -0.005867213325152412,
           0.08912883471940258,
           -0.04624630696831928,
           0.0035632161599713622,
           0.029798164698932792,
           -0.038387624621013944
          ],
          [
           0.13639184218137027,
           0.836948036251247,
           0.2526167651689572,
           -0.14065851653545805,
           0.8919085719725615,
           0.17788919165181888,
           -0.09836473765522843,
           -0.2391876414007351,
           0.43560822003846067,
           -0.06714768544807563,
           -0.25903111642266047,
           0.4454802233255867,
           0.18968454870579737,
           0.9553575111163557,
           -0.17841195825407807,
           -0.06891004371985283,
           1,
           -0.2255269480016822,
           -0.11820993035201936,
           -0.442940092382498,
           0.4611363200580015,
           -0.047591360319600796,
           -0.4653389652983098,
           0.4690739019583238,
           -0.11171887986120313,
           0.9905494467180005,
           -0.20404223232164362,
           0.21679990172849548,
           0.9386625634123908,
           -0.12507139140474116,
           -0.23740093216171776,
           0.08471134028679074,
           -0.04953073482308894,
           -0.074639921809268,
           -0.02252076221886592,
           -0.015184784765842422,
           -0.28125104325134775,
           0.14085736229661389,
           -0.06603323249048025,
           -0.035813618630836624,
           -0.023645898453325157,
           -0.011176293042104492,
           -0.06920982047541673,
           -0.7712361257621261,
           -0.290356253691126,
           0.1349911196922186,
           -0.8119507986612794,
           -0.2484319856229602,
           -0.49652210023185944,
           -0.5018379703943369,
           -0.048886675100088074,
           0.23560081570190455,
           0.2392469204668048,
           0.02100266945516147,
           -0.04975371894143601
          ],
          [
           -0.1634296870345207,
           -0.25493609159945463,
           0.21613075741871415,
           0.20584281071951868,
           -0.2797506818777417,
           0.6017370357351374,
           0.06665662221238496,
           -0.004081000847335348,
           -0.4320937411120637,
           0.12610135863828897,
           -0.022764392503256875,
           -0.38063176464533,
           -0.26448809477798874,
           -0.19616480804513098,
           0.6711192304698756,
           0.08323233599454762,
           -0.2255269480016822,
           1,
           0.13014818848264886,
           -0.010992609010321893,
           -0.5401179294736739,
           0.09619084607886898,
           -0.010547208613559489,
           -0.5377748627443222,
           0.19372075795598387,
           -0.2407815621251216,
           0.9098557716947552,
           -0.35154650510533586,
           -0.1752258390765731,
           0.4519232745765255,
           0.4242219147130319,
           -0.12429261717802105,
           0.30454623776783346,
           0.3762733292833077,
           -0.09114821739051426,
           0.1932880765101344,
           0.4306798727832182,
           -0.13646665887020373,
           0.3983435355726841,
           0.31611704026302573,
           -0.11383041991606094,
           0.20732265275257147,
           0.16952950798124658,
           0.19048434371628964,
           -0.11518773957925434,
           -0.2108482510045281,
           0.23217991496118429,
           -0.4437843214317552,
           -0.016809058852092634,
           0.015142670743213711,
           0.2014140945715233,
           0.07727712304569301,
           0.06860090053929199,
           -0.19088319509673066,
           -0.15878706769816822
          ],
          [
           0.21266049561029962,
